     6     6     1
  3.3381000E-06 -1.0745000E-03  7.5342000E-04  1.2131000E-03 -7.5455000E-04 -9.5241000E-04
 -1.0745000E-03   4.031000     -3.3393000E-02 -1.1293000E-02 -4.4803000E-02  8.9478000E-02
  7.5342000E-04 -3.3393000E-02  0.2148000      0.3548000     -0.2292000     -0.2495000    
  1.2131000E-03 -1.1293000E-02  0.3548000      0.5937000     -0.3841000     -0.4017000    
 -7.5455000E-04 -4.4803000E-02 -0.2292000     -0.3841000      0.2505000      0.2566000    
 -9.5241000E-04  8.9478000E-02 -0.2495000     -0.4017000      0.2566000      0.3097000    
* row and column names
cinj
tinj
logw
loga
mu
sigma
