 PARAMETER STATISTICAL MATRICES: CASE doubleB1

 OPTIMISATION ITERATION NUMBER 15


 Parameter standard deviations ----->

 Adjustable        Group           Current          Standard
 parameter                         value            deviation
 tinj              multi            1.68163         5.036908E-03
 logw              multi          -0.639194         3.217392E-03
 loga              multi           -2.99757         1.283285E-02
 lndi              multi          -0.347570         7.068342E-03

 Note that if a parameter is log-transformed, the standard deviation in the 
 above table refers to the log of the parameter. Note also that the objective
 function used in the calculation of the covariance matrix (and eigenvalues
 of the covariance matrix) was calculated at the end of the previous iteration.


 Parameter covariance matrix ----->

                  tinj         logw         loga         lndi    
 tinj           2.5370E-05   1.8276E-06   1.8777E-05   1.0701E-05
 logw           1.8276E-06   1.0352E-05   3.3784E-05  -1.0170E-05
 loga           1.8777E-05   3.3784E-05   1.6468E-04  -3.8259E-05
 lndi           1.0701E-05  -1.0170E-05  -3.8259E-05   4.9961E-05


 Parameter correlation coefficient matrix ----->

                  tinj         logw         loga         lndi    
 tinj            1.000       0.1128       0.2905       0.3006    
 logw           0.1128        1.000       0.8182      -0.4472    
 loga           0.2905       0.8182        1.000      -0.4218    
 lndi           0.3006      -0.4472      -0.4218        1.000    


 Normalized eigenvectors of covariance matrix ----->

               Vector_1     Vector_2     Vector_3     Vector_4   
 tinj           8.5013E-02   0.8344       0.5363      -9.4211E-02
 logw           0.9741      -0.1059      -2.4470E-02  -0.1982    
 loga          -0.2083      -0.2072       0.1908      -0.9366    
 lndi           2.1893E-02  -0.4996       0.8218       0.2731    


 Eigenvalues ----->

                3.0581E-06   1.4068E-05   4.8365E-05   1.8487E-04
