 PARAMETER STATISTICAL MATRICES: CASE multirate2B2

 OPTIMISATION ITERATION NUMBER  7


 Parameter standard deviations ----->

 Adjustable        Group           Current          Standard
 parameter                         value            deviation
 tinj              multi            3.63173         1.128176E-02
 logw              multi           -1.12705         8.038089E-03
 loga              multi           -3.96138         2.768834E-02
 mu                multi          -0.456881         8.216514E-03
 sigma             multi           0.931765         1.879745E-02

 Note that if a parameter is log-transformed, the standard deviation in the 
 above table refers to the log of the parameter. Note also that the objective
 function used in the calculation of the covariance matrix (and eigenvalues
 of the covariance matrix) was calculated at the end of the previous iteration.


 Parameter covariance matrix ----->

                  tinj         logw         loga          mu         sigma    
 tinj           1.2728E-04   4.7609E-05   1.5734E-04   7.2797E-05  -1.4377E-04
 logw           4.7609E-05   6.4611E-05   2.1224E-04   4.3970E-05  -1.2813E-04
 loga           1.5734E-04   2.1224E-04   7.6664E-04   1.2527E-04  -3.7831E-04
 mu             7.2797E-05   4.3970E-05   1.2527E-04   6.7511E-05  -1.3762E-04
 sigma         -1.4377E-04  -1.2813E-04  -3.7831E-04  -1.3762E-04   3.5334E-04


 Parameter correlation coefficient matrix ----->

                  tinj         logw         loga          mu         sigma    
 tinj            1.000       0.5250       0.5037       0.7853      -0.6779    
 logw           0.5250        1.000       0.9536       0.6658      -0.8480    
 loga           0.5037       0.9536        1.000       0.5506      -0.7269    
 mu             0.7853       0.6658       0.5506        1.000      -0.8910    
 sigma         -0.6779      -0.8480      -0.7269      -0.8910        1.000    


 Normalized eigenvectors of covariance matrix ----->

               Vector_1     Vector_2     Vector_3     Vector_4     Vector_5   
 tinj           7.2729E-02   0.2395      -0.8365       0.4363      -0.2173    
 logw           0.9616       4.3250E-02   0.1307      -4.9223E-02  -0.2324    
 loga          -0.1992      -7.4973E-02  -0.1259      -0.5605      -0.7903    
 mu             1.8811E-02  -0.9097      -1.7409E-02   0.3731      -0.1803    
 sigma          0.1733      -0.3279      -0.5167      -0.5948       0.4916    


 Eigenvalues ----->

                2.0085E-06   6.9704E-06   5.6220E-05   1.7801E-04   1.1362E-03
